0.773723
0.059858
-0.938301
-1.440931
0.596168
0.733316
0.582700
0.024854
-0.600249
-0.116938
-0.705809
-0.805644
2.120306
-0.851343
0.662432
0.367091
0.629770
-0.814665
0.501984
0.054179
0.135289
-0.777245
2.664465
-1.080781
-1.476400
0.244209
-0.510367
-0.132530
-0.315450
0.727780
-0.714973
-0.425629
-1.405983
0.805797
0.850704
-1.641816
1.137601
0.820683
-1.579675
0.440274
-0.547530
0.021165
-0.966282
-0.352647
0.169147
-0.097899
-0.490445
-2.502653
-1.100553
1.853069
-0.224650
0.195578
0.245024
0.841674
0.513406
-0.393887
0.676857
0.343708
-1.158298
0.092736
-0.422168
0.732011
-0.971235
-1.175865
-0.444001
-1.493530
0.307612
-0.198777
1.306891
-0.428188
-0.823947
0.355471
0.696447
0.219905
-0.747393
-0.143350
-2.046985
-0.706495
-0.343597
-1.929095
1.342422
-1.209272
1.218378
-0.346092
0.641761
0.007867
-1.833190
-1.165151
0.096723
0.176467
-1.104948
-0.442555
-0.766847
-1.643986
0.701807
1.089720
0.945707
-0.637099
-0.039885
-0.282607
0.431801
-0.048470
-1.417769
0.209609
-0.513588
-1.294321
0.700994
-2.975859
-1.319363
0.857604
0.493953
-1.297885
-0.934232
-0.145643
0.500318
-0.682251
1.658001
0.458250
-0.026569
0.475767
-0.252962
-2.738811
1.026667
-0.836259
-1.909789
-0.249026
0.639648
0.635434
-2.052171
-0.775273
1.032157
0.599864
-1.445002
0.645518
0.129467
-2.394912
1.295786
0.549695
0.859046
-0.313920
-1.198824
-0.681329
0.943137
1.241886
-0.123120
-3.068212
2.564295
0.243619
-0.982040
2.306899
0.381018
0.503790
-2.288319
-1.334728
-0.139235
-0.445660
-0.767356
0.671702
0.550118
-0.022370
-0.483370
-0.283677
-0.495439
-1.551360
1.256649
0.410251
0.254485
-0.630942
1.068653
0.670104
0.231066
-1.256567
0.278325
-1.411943
0.188305
0.111972
-2.589102
-0.675729
-0.435962
-0.055824
1.152787
0.499466
-2.871379
0.187790
0.025817
0.403499
0.912650
-0.774174
-0.791092
1.184483
2.145936
0.990789
-0.522790
0.343451
0.481697
0.631081
-0.068168
-0.194296
-0.909324
-0.152081
-0.076974
1.184855
0.309834
0.937118
0.981379
2.098996
0.619650
-0.154862
-0.346863
-0.785113
-0.292609
-0.761475
-0.225153
-0.620359
1.891504
0.063333
-0.539027
-0.002290
-1.081184
-1.055769
-1.059187
-1.111602
0.664771
-0.627927
0.559224
0.231911
0.959689
-1.124587
-2.565709
-0.382781
0.257396
-1.394389
1.945097
0.319111
-0.498786
-0.797793
-0.254855
0.500130
1.914775
0.071243
-1.828221
-0.146129
0.211855
0.211794
0.422767
0.400434
-1.572074
1.077949
-0.115350
-0.591375
-2.491436
1.175127
0.670061
0.903754
0.369092
-2.008965
0.303385
0.688917
0.628929
0.366239
0.113409
1.153881
-0.466171
0.802521
-0.373546
-0.891045
0.351933
0.143489
-0.027731
-0.565523
0.494109
0.356162
0.070107
1.053205
-0.228463
1.925059
-1.683723
-0.314844
2.167413
2.956604
1.339438
0.098199
-0.489643
0.063305
-0.258244
-1.742133
0.492808
-1.283833
-1.757573
-0.337463
-0.174924
0.861642
0.011173
-1.103701
-1.614519
-0.102472
-2.070869
-0.682971
0.409218
0.891955
-1.942974
-1.207449
2.021146
-0.799480
0.054351
0.009021
-1.922349
0.309821
-1.108098
-0.157430
0.332670
-0.276644
-0.953668
-0.052183
-0.311388
0.316289
1.962199
1.087237
-0.029858
-0.233743
0.342171
-0.860158
-0.988521
2.034710
0.423368
-0.125086
-1.435750
-0.929050
-0.001091
0.494394
0.242038
-0.094792
0.780016
1.113168
0.287396
1.026928
-0.397197
1.815571
-0.500102
0.434957
-0.428896
-0.039861
0.531670
0.836936
-1.189008
0.973832
-0.499756
-0.126586
-0.838073
-1.405059
-1.955555
-0.441665
-0.241477
-1.347578
0.855803
1.515395
2.457805
0.750863
-0.499668
1.616777
-1.792137
1.287196
-0.733130
-0.636795
-0.981465
-1.001785
-1.150445
-0.695272
0.810668
0.154181
1.067921
1.220734
-1.891408
-1.655760
-1.171006
0.407303
2.002767
1.547430
-0.469875
0.290511
-0.388649
-1.649752
0.955299
-1.166104
0.295202
-0.052046
0.692753
0.332274
-0.755317
2.859691
-0.394277
0.729406
0.831140
1.686653
2.129270
0.216749
0.276096
-2.818009
1.269906
0.930813
-0.411877
-0.332168
-0.031526
-1.370110
-0.539774
-2.147830
0.038690
-0.079235
0.545711
-0.318358
0.186691
0.286167
0.043737
0.558960
-0.327898
0.536532
1.498862
-1.239597
-0.847121
-0.110325
-0.380728
1.129519
-0.969962
-1.284481
-1.040478
0.419189
-0.106106
-0.880317
0.534646
-2.094276
-0.973299
-0.100638
-0.397237
-0.030596
0.544214
0.768597
-0.601701
0.858952
-0.384296
-0.825220
-2.235136
-0.767460
-1.112967
-0.761352
-0.615378
0.522500
-0.784725
1.043448
-1.111909
-0.658015
1.256221
-0.410344
0.206051
1.566566
0.445928
-0.949933
-0.444090
-0.295359
-0.494341
0.379591
-0.289900
0.267106
-1.711176
-0.861830
-0.514846
-1.209795
-1.344446
1.019729
-0.751923
-1.095527
-0.645572
0.166875
0.001217
-3.044615
-1.384083
0.905495
-0.972546
-0.832736
1.196419
0.273698
-1.149090
-0.413132
2.012340
-1.591314
-3.186252
-0.654922
-0.809053
-1.161567
-0.355027
-0.713954
-0.688756
0.336713
-0.426595
-0.703562
0.391626
-0.316503
1.260890
-0.502453
0.652023
-1.318998
1.769120
0.772541
-1.474564
0.276621
0.623688
-0.794958
-1.265684
0.396335
-0.577088
0.694341
-1.146503
0.004388
-1.509835
0.290609
-0.492696
-0.284184
0.362832
0.720420
-0.007711
-0.369476
-0.733948
-0.607570
-1.327619
-1.288963
0.993574
-1.598853
-0.363484
-0.543837
-0.756821
0.063122
-0.020241
-2.459327
0.271099
-0.331796
-1.738221
0.914362
0.769007
-0.653459
-1.575128
1.435395
-0.193279
-1.724272
0.416872
-0.038859
1.564972
0.046439
0.265399
0.728201
0.450215
1.078974
1.167071
0.078033
-1.187559
0.017945
0.832153
0.365785
-0.502287
2.489140
1.532483
-1.292973
0.412331
0.490472
-1.351570
1.548093
0.850571
0.109147
-0.650012
0.300418
1.401563
0.723696
-1.075913
-0.185210
1.378043
-0.449723
-0.030487
0.288944
-0.129834
0.754404
-0.533517
-0.420662
-1.139374
-1.241912
-0.809685
0.374559
0.726068
0.974704
-0.667477
0.604435
0.702530
1.221635
-0.740699
1.073539
-0.213178
-0.110317
-0.048653
-0.023433
0.154498
2.388781
-0.849516
-0.014655
-0.537529
-2.051870
-1.029184
-1.476882
0.270478
0.474157
-1.783485
0.180557
-1.380339
-0.262141
-0.451218
-0.258259
-0.850842
1.366826
-0.352917
-0.467749
-1.022509
0.699422
-0.806900
-1.133098
-0.623881
-0.457960
0.457680
-0.412137
0.590758
0.876022
-0.891931
2.275467
-0.647746
-1.021827
0.178877
0.057293
0.762664
-0.315901
-1.494372
-0.992801
-0.639831
1.539387
2.143520
-0.417256
1.481884
1.580330
1.819706
0.193034
-0.192434
0.324749
0.121208
-0.545948
-0.395218
-0.445672
-0.198426
0.755055
-2.810496
-0.993425
-0.215437
0.404625
1.018994
-0.063385
0.496004
-0.297885
0.841950
-1.845375
-1.169011
-0.652269
-0.794893
1.375239
-1.634590
0.667143
0.201344
-0.223443
0.547923
-0.881341
-1.137487
-1.285959
2.016416
-1.431597
0.773377
0.113989
0.720873
-1.289930
-1.459090
0.156886
-0.094508
0.277991
-2.148448
0.263422
0.955793
-0.953389
1.951068
1.242232
0.660497
-0.355905
-0.381074
0.770059
0.645305
-1.344224
-0.075392
0.903693
0.528835
0.873383
0.695229
1.108296
0.988162
0.051912
-1.112792
0.448038
2.249329
0.729248
-1.678737
-1.159298
0.184666
0.575184
-0.892711
0.529522
-1.253043
0.204320
0.289230
0.523656
1.083929
0.872158
0.678168
0.820017
-0.167005
-0.192856
0.012044
0.969350
-0.064116
-0.731865
-0.151280
-1.614070
-0.804538
-0.090027
-0.336416
0.661681
1.629448
-0.810942
0.153448
0.741584
1.267058
0.289777
-1.058381
-0.486936
1.473004
-0.957461
-0.585162
-1.265305
-0.053732
-0.244581
1.372268
-0.167307
1.111106
-0.699410
0.594979
-1.288640
1.337862
-1.479566
0.130797
-0.147419
-1.411969
0.664047
-0.619603
0.148778
-0.409854
-2.082937
2.023201
1.685634
-0.896259
-0.456505
-0.771431
1.250725
0.847210
1.268904
-0.507959
0.586011
-2.156882
0.366725
-0.124683
0.043636
-0.362658
-0.313378
0.920917
-1.915129
0.483075
-0.475206
-0.758562
-0.238769
1.180037
0.619365
0.843369
0.539201
-0.468475
0.144936
0.469494
1.631941
0.445129
-0.512950
-0.041234
1.212437
1.323730
-1.505885
-1.618595
-1.166554
1.527130
0.675792
1.052186
0.141793
1.638565
-0.432237
0.884049
0.969358
0.878293
1.488472
-1.021699
-1.417922
-0.037752
0.053456
-0.750273
-0.077654
0.701892
1.517436
-1.642243
-0.007138
-0.860364
1.080892
-1.876065
-0.305222
-0.121901
0.473049
-1.082605
0.707929
0.219232
0.054283
-0.917183
1.372770
-0.988262
1.290831
-0.248748
1.971755
-0.422060
0.251229
-0.122156
-1.998489
0.121712
-0.226099
-0.738584
0.662178
-0.717174
-0.229084
-1.235094
1.968475
-0.773679
0.428336
2.514610
0.245926
0.912291
0.516349
-0.489999
0.174353
0.393181
-1.152557
0.903110
-0.439572
0.545891
-0.680307
0.523168
1.705074
-2.136492
-0.756179
0.447806
-0.065252
-0.780184
-0.404263
0.178825
-0.939054
-0.171842
1.896393
-1.376039
-0.366199
-2.171668
-0.673529
-0.245108
1.241744
1.653406
0.010714
2.036723
0.204114
0.233909
-2.125020
1.749603
-0.559721
1.272031
-0.755211
-0.671050
1.856632
-0.686970
1.058275
0.016194
-0.062663
0.658469
1.006576
0.223175
0.179968
-1.852673
-0.118204
0.557832
1.014246
1.078468
-0.604575
0.594725
0.616159
-1.378999
1.179907
-0.216974
-1.005149
-0.965251
0.344624
1.050699
0.870496
0.655127
-1.351476
0.561921
-1.148805
-0.386854
-0.638214
-0.536775
-0.390218
0.663686
0.819379
1.356495
1.400231
0.826887
0.387830
0.011907
-1.276949
-0.959847
0.145391
-0.353106
-0.922042
-0.891730
-0.124686
2.240900
1.593390
0.340410
-0.477402
-0.202733
-1.286367
0.316233
1.896749
-1.143656
0.053841
0.557497
-0.415787
-0.632435
-1.156350
-0.002428
-2.107126
1.184574
0.684928
0.357511
-1.040303
1.301511
0.270676
0.603327
-1.091708
-1.083925
0.557118
0.855360
1.222387
-0.107155
-1.145887
-2.007696
-1.561802
1.239537
0.880756
0.760272
1.012482
1.386107
2.034756
0.359056
-0.333075
-0.624114
1.876000
0.465533
-0.159297
0.054684
-0.080143
-2.004925
-1.881139
-1.108674
-0.755607
0.776331
0.153045
-0.868727
1.566558
0.505245
0.431746
-1.229587
-0.411145
0.417212
1.115124
1.215569
1.626271
1.206694
-1.311254
0.258038
-1.227751
-0.667915
-0.281249
-0.761688
-0.517383
-0.730489
-0.431461
-0.449197
0.648591
0.472397
0.899358
-0.546413
0.256154
-0.306331
0.027079
0.062121
-0.083916
1.147933
-0.926720
0.313731
1.699141
-1.119562
0.033102
0.187496
-0.186997
-3.211006
0.537227
0.259179
-0.548232
1.051819
1.096702
-0.222384
-0.260382
1.044293
-2.301187
0.220744
-1.884458
1.252019
-0.698067
-0.866747
0.675626
1.612980
0.814903
-1.687423
-0.020121
1.579580
-1.618598
1.023705
0.593898
1.069992
-0.666377
0.938048
-0.963203
0.012505
0.452424
-2.061207
0.210572
-0.784287
-0.840901
-2.698078
-0.307667
1.043193
-2.186897
0.861102
0.566510
-0.512947
0.410548
1.439765
0.343992
1.620322
-1.647529
0.182820
-0.222320
2.680337
-0.654765
-0.285043
2.142683
-0.678572
0.449943
-0.487287
1.008331
-0.416563
-0.789605
-0.287976
-1.210264
1.143185
-0.052031
1.475210
0.318775
-1.075260
0.241467
0.313553
0.440438
-0.128444
1.407056
-0.969406
-1.134353
-0.671598
0.495262
-0.947112
1.594540
-0.638090
-0.416931
-1.141137
-0.623594
0.133281
-0.625445
-1.067151
1.113809
-0.952582
0.294465
0.334266
-0.697671
-1.936182
0.480658
0.929766
-0.960822
0.222172
-0.882907
-0.242474
-1.329312
0.833528
-1.709108
-0.424445
-0.183979
-0.406382
-1.521204
-0.153182
-2.019455
0.411284
-0.505033
0.976002
0.297225
1.000584
-1.461153
0.519306
0.326082
-1.286443
-0.270693
-0.824091
-1.520367
0.193153
1.775180
0.550763
0.789427
-0.598088
0.989260
-1.647951
-0.675635
0.587290
0.665704
-1.548676
-0.591619
-2.069793
-0.370524
0.310347
2.014409
0.320570
-0.361051
-1.134962
-0.600494
-0.642049
1.699793
0.235738
-2.076268
-2.253103
-0.093092
-0.697044
0.710228
-0.778951
-0.047882
0.565943
1.507173
0.244244
-0.283640
-0.448089
0.669824
0.905332
-0.603993
1.858453
-0.270442
1.130278
0.562172
0.075754
1.011240
0.626287
0.406114
0.506880
0.943383
0.748598
-1.516092
-0.818727
-0.397811
1.110120
-0.397998
0.341375
-0.238247
0.326393
0.435829
1.151245
0.218980
-0.883845
0.439689
0.024871
1.045987
0.736577
-1.034765
0.274271
0.015394
0.245677
0.141405
-0.395684
0.920622
-0.721647
1.026265
-0.932326
-0.096079
-1.870594
0.278198
0.151811
0.005810
0.535022
0.185362
0.258904
-1.228773
0.975251
-1.594309
-0.076944
-1.779878
0.039742
-0.328049
0.407015
-1.022522
0.349174
0.715267
0.058086
-0.395920
1.154024
-0.231105
1.758465
-0.150256
0.151521
0.955235
0.315795
-0.089590
-0.456553
1.765127
0.451109
0.223926
-0.891243
0.093213
-0.599421
-0.683808
-0.503901
-0.481397
0.352806
0.342084
-1.995523
0.536998
0.016285
0.405085
0.114579
-0.207291
-0.169718
1.471308
1.394188
-1.324163
-0.729773
1.515806
-0.435827
-0.067154
-1.284796
-1.396160
0.049602
0.173689
0.274672
-1.067411
0.680642
1.893628
-0.335510
0.440859
0.558400
-1.245010
-0.553729
-1.116181
-0.140917
1.221688
1.565016
-1.393092
1.251644
-0.490716
-0.312943
-0.115980
0.892363
0.854041
-0.917917
-0.917830
0.528900
0.750024
0.839513
0.955363
0.464294
1.168912
-1.055047
-0.133819
1.023941
-0.024539
-0.165226
0.454978
0.844943
-1.165821
-0.372216
1.780512
-0.154430
-0.964734
-1.239154
-0.793517
1.536798
2.137813
-0.891570
-0.755192
-1.239626
0.470460
0.076333
-1.319573
0.398549
-0.480223
-1.078438
0.559873
-0.136394
-0.084720
0.628320
0.621626
-0.587787
-1.332013
-0.725748
-0.943820
0.517654
0.884473
-2.545720
0.839143
-0.459705
-0.387812
-0.607258
-0.460280
0.634161
-2.543874
0.306786
0.482967
-0.344038
0.497276
-0.772572
1.089269
-0.445623
0.744359
-0.208056
0.317421
-0.657231
0.123904
-1.640990
-0.223644
0.228479
0.077644
1.081446
-2.018369
-0.646186
-0.499302
0.996397
0.635993
-1.004696
0.384198
0.785563
-0.783795
-1.024389
-1.130128
0.407549
-0.784583
0.198008
0.545343
2.039062
2.507976
0.471891
-1.265217
0.050673
-0.272467
1.206065
-0.398668
-1.137553
0.691697
0.327752
-1.539759
-0.371072
0.350778
-0.972057
-0.399163
0.944682
1.407089
0.956966
-1.540372
-0.765770
0.849473
1.637313
0.232248
2.214872
0.015997
0.414322
1.108228
-0.497514
0.089888
0.341941
0.469777
-0.475399
-0.183661
-1.677896
0.093127
0.206878
1.304005
-0.006555
0.841296
-2.626723
-0.282713
1.211824
0.908238
-0.956864
-0.719544
-1.103891
0.260684
-0.945710
1.048645
0.011168
0.116801
1.267562
0.078156
0.404626
-1.109793
1.698877
-0.056420
0.977987
-1.336735
-0.114056
-0.311377
0.292703
-0.583841
0.339573
-0.882655
-1.362231
-2.227862
-0.306969
1.362676
0.484769
1.264452
0.409701
-0.482216
0.160848
-0.233625
-0.998664
1.756691
0.009856
-0.046795
-0.169919
1.937396
-0.945923
1.520128
-0.041519
-0.057791
-0.237187
-1.202495
-1.764797
-0.104556
1.349914
-1.204126
1.018018
-0.821471
-0.661485
1.350594
-0.197521
0.671236
0.130929
-0.272872
-0.559571
-0.524037
-0.654069
-2.335495
0.930978
0.486176
-0.888633
-0.858378
-0.763377
0.721609
0.160923
-0.649103
-0.711666
1.747997
-1.255731
0.343154
0.933410
0.540272
0.648019
0.426527
1.925553
-1.111841
1.610976
-1.164313
3.264558
0.463047
0.373176
1.532060
-0.016547
-0.975934
0.396626
1.691109
-0.207267
-0.871343
1.717466
0.285589
-0.001628
0.313647
0.903660
0.366647
2.126762
0.710186
0.292517
-0.600598
0.259481
0.016477
1.314791
-0.473196
-1.114185
1.211010
-0.798617
0.127657
-0.732144
-0.507663
-0.070344
-0.866667
0.937709
0.236958
-1.639500
-0.065820
-0.087932
-1.570223
1.580688
0.987048
0.614805
-0.160998
-1.016680
0.451486
-0.309327
1.309919
0.334469
0.029628
-0.225700
-1.030120
-0.131864
-0.362157
0.669437
-0.419795
-0.808253
-0.450866
1.287536
-0.729303
0.685083
-0.059495
-0.851701
-0.990968
-1.203515
1.110589
-1.027590
0.372492
1.011349
-0.478621
1.662849
-2.270489
0.665737
1.178447
0.974363
1.442160
-1.041076
0.611556
-0.305605
-0.193199
0.220601
-1.333294
-0.266191
0.646247
-0.793124
1.252484
0.667073
-0.379562
-0.238900
-1.952862
0.920738
-0.454753
0.122081
-0.536154
-0.930955
-1.310361
0.983959
0.059040
-1.844852
1.414122
0.031168
1.308415
0.144498
0.443676
-0.033238
-1.417889
0.192243
-1.570564
-0.019692
1.941424
0.300024
0.799611
0.674238
-0.707605
1.293363
1.934645
0.490707
0.752193
-0.655684
-0.784282
-2.409165
-0.923007
-0.234464
1.393128
-2.003266
0.314424
-1.159577
0.720753
-0.971330
-0.226466
0.620012
-0.679193
-1.504074
-0.083881
-1.453599
0.399234
-0.814670
0.392778
-0.238680
0.336332
-1.031413
0.807660
1.083048
1.070459
0.306404
-0.986086
-0.117682
0.115301
1.457379
1.678037
0.280263
-1.076791
-0.540424
0.159345
-1.042349
-0.768972
0.768424
-1.085251
-1.008677
-0.737366
0.304460
-1.581160
-2.764995
-0.725239
-2.932282
-0.616668
-0.265983
-0.734809
-0.282383
-0.681053
-0.645922
-2.088469
0.540480
-0.502035
0.222157
0.341295
0.812359
0.671816
1.592975
-0.164286
0.743761
0.973976
-0.623556
0.070278
1.247358
0.164708
1.216201
1.219247
-0.010795
0.389064
-0.703119
-1.450614
-0.359694
-1.707477
-1.635350
1.346477
0.126287
0.155312
0.518410
0.491714
-0.030020
0.744593
-1.333599
-0.938993
2.019382
-0.270425
0.906367
-1.559659
0.772124
0.722051
0.279706
1.188629
0.054104
0.892832
-0.189239
1.735139
1.353037
-0.021112
2.356012
1.965720
-0.979003
-0.123169
1.713141
1.459241
-1.444504
-0.776939
-1.447874
-0.751517
-0.170446
0.637435
-0.147949
0.561858
-0.948722
1.742538
0.486076
0.229949
-0.914367
0.033603
-1.462995
-2.005563
-0.673770
-0.772788
-0.013141
0.717323
0.023640
0.797381
0.661817
0.090922
0.492972
0.287036
0.923394
0.775314
0.445607
-1.055604
-0.445284
-0.338468
-0.445882
-0.535213
0.229614
-0.452274
0.782043
1.053759
0.038592
0.492794
0.506300
0.985480
-1.660181
1.189105
-1.493908
0.900029
2.567076
1.216569
1.215278
-0.834315
1.172133
-0.347582
-2.034334
0.362644
-0.401325
-0.695879
-0.346542
0.939214
-0.803249
0.040051
-1.997084
-0.948580
1.967358
-0.488274
-0.031523
-0.166707
-0.970596
0.574419
-1.459202
0.860772
0.340425
-1.297085
-0.054449
0.044867
-0.786413
0.270398
-0.089603
-0.588261
0.130002
1.232915
0.406874
0.599017
-0.376704
-0.457541
-1.333920
0.894979
-0.390756
0.117437
-1.213526
0.395656
0.033119
0.080632
0.445089
-0.695476
0.902113
0.127606
0.600668
-1.005246
-0.517188
-0.513385
0.437445
1.530768
1.483095
0.311496
1.320273
-1.270582
-0.373918
-0.649246
-0.475510
0.991054
1.230948
-0.451952
0.446635
-0.188240
0.308738
-0.564666
-1.010917
-0.632828
0.086721
0.835982
0.495531
0.663210
0.771106
-1.494246
-1.368483
-0.338110
-0.822381
-0.012317
1.117609
-0.845835
0.637342
1.328876
-0.119776
-1.098507
-2.896724
0.812955
-0.953459
0.643508
-1.524825
1.431330
1.404687
0.824572
1.654276
1.050846
0.856568
-1.157550
-1.465222
0.563415
0.099401
-0.959182
-1.575634
-0.360963
0.312516
2.066897
-1.368106
-1.789575
0.614869
-0.788077
1.028880
-0.850365
0.278578
0.800107
0.566299
-1.435434
0.748409
-0.715456
0.039241
-1.493047
-0.439457
-0.106901
-0.067780
-0.508867
0.665047
-0.169507
-0.396365
-0.365783
0.341517
1.230484
0.266050
0.049825
1.496389
1.918067
-1.526910
0.347584
0.266465
0.337736
0.476287
-0.042124
0.774515
-2.865431
0.236149
-0.044811
-0.563303
-1.583415
-1.550601
1.036724
-0.680047
0.481140
-0.694058
0.472157
0.263226
0.200242
-1.136605
0.560669
0.462250
-1.028473
1.322804
0.241525
-1.573420
0.377161
-0.111896
1.055874
1.812430
0.758048
0.641321
-1.664076
-0.050745
0.797421
1.173692
1.548131
0.639076
-0.383629
0.261805
1.489295
0.378827
-0.170528
0.082174
0.281152
1.825467
1.318401
0.686844
0.570726
0.301838
-0.307418
2.225211
-0.113799
1.436057
-0.541380
-2.171673
-0.114971
-0.728130
0.089044
0.384129
0.898561
0.289743
-0.047279
2.823443
0.170007
1.275226
-0.245993
-0.531169
-1.098601
0.784699
0.104072
0.306042
1.178110
0.012789
1.318679
-0.487053
0.672655
0.407755
0.149957
-0.751973
0.423005
-0.053029
0.708575
-0.083399
-0.061314
0.314852
0.940431
1.411958
-0.594594
-0.780427
-2.437181
-0.399005
-0.420088
0.192006
0.070244
1.035844
-2.212895
-0.980731
-1.377069
0.444431
-0.166044
-0.188069
-1.631849
-0.128478
0.629072
0.085172
-0.446689
0.818882
0.194101
0.022070
-0.362110
1.327891
-0.472204
-0.033212
0.312399
0.004318
0.868305
0.245316
1.115109
0.075090
-0.609837
0.833449
-0.484944
-0.295450
0.724133
0.914680
-0.574310
-0.171450
-2.161240
1.132814
0.366677
0.129297
-0.756525
0.350380
0.975495
