-0.271308
1.346173
0.501379
0.288863
1.893946
-0.482835
-0.318017
1.565277
0.309144
-2.203792
0.192158
0.884098
-0.037805
-0.209017
1.065721
2.026185
0.647565
1.482769
-0.623927
-1.012839
-0.466352
0.651796
0.289663
-0.819499
0.248412
2.685807
-1.055772
-0.037991
2.115059
0.542766
0.648250
0.656932
-1.678759
0.291744
-1.262477
-0.530456
1.975104
-0.211571
-1.593389
-0.538813
1.756930
0.787833
0.195966
-1.009331
0.921766
0.351617
0.874023
1.100784
1.109525
0.154373
-1.031699
0.143299
-0.589286
1.268935
1.827991
0.027525
1.626627
1.029323
-0.431605
1.729365
-2.151156
2.138029
1.504994
0.294660
