-1.069976
0.100005
1.047359
-0.862217
1.089483
0.217567
-2.028549
-0.667780
0.039909
-0.768158
-0.835508
-1.526605
-1.224484
-1.853863
-0.177153
-1.555213
-0.347770
0.404783
0.621771
0.505948
1.769522
0.191956
-0.367239
1.787320
-1.240321
-0.040561
0.588521
0.258605
-1.331230
-1.187494
1.500230
0.058369
0.706366
0.996180
-0.862317
-0.376536
0.670038
-1.629597
1.330884
-0.659207
0.823550
-0.997275
0.234111
-0.414521
-0.436352
0.047127
-0.293484
0.977142
0.032794
0.467239
0.199570
1.471928
-0.008388
-0.054326
-0.306854
0.730371
0.743047
-1.498136
-1.555578
0.391399
-1.060952
1.920973
0.200073
-2.594354
