166.606949
167.607040
168.607117
169.607330
170.607391
171.607651
172.607712
173.607910
174.607925
175.607925
176.607971
177.607986
178.607986
179.608017
180.608017
181.608017
182.608032
183.608032
184.608032
185.608032
186.608032
187.608063
188.608063
189.608063
190.608063
191.608063
192.608063
193.608063
194.608063
195.608063
196.608063
197.608063
198.606949
199.607040
200.607117
201.607330
202.607391
203.607651
204.607712
205.607910
206.607925
207.607925
208.607971
209.607986
210.607986
211.608017
212.608017
213.608017
214.608032
215.608032
216.608032
217.608032
218.608032
219.608063
220.608063
221.608063
222.608063
223.608063
224.608063
225.608063
226.608063
227.608063
228.608063
229.608063
230.606949
231.607040
232.607117
233.607330
234.607391
235.607651
236.607712
237.607910
238.607925
239.607925
240.607971
241.607986
242.607986
243.608017
244.608017
245.608017
246.608032
247.608032
248.608032
249.608032
250.608032
251.608063
252.608063
253.608063
254.608063
255.608063
256.608063
257.608063
258.608063
259.608063
260.608063
261.608063
262.606934
263.607056
264.607117
265.607330
266.607391
267.607666
268.607727
269.607910
270.607910
271.607910
272.607971
273.607971
274.607971
275.608032
276.608032
277.608032
278.608032
279.608032
280.608032
281.608032
282.608032
283.608063
284.608063
285.608063
286.608063
287.608063
288.608063
289.608063
290.608063
291.608063
292.608063
293.608063
294.606934
295.607056
296.607117
297.607330
298.607391
299.607666
300.607727
301.607910
302.607910
303.607910
304.607971
305.607971
306.607971
307.608032
308.608032
309.608032
310.608032
311.608032
312.608032
313.608032
314.608032
315.608063
316.608063
317.608063
318.608063
319.608063
320.608063
321.608063
322.608063
323.608063
324.608063
325.608063
326.606934
327.607056
328.607117
329.607330
330.607391
331.607666
332.607727
333.607910
334.607910
335.607910
336.607971
337.607971
338.607971
339.608032
340.608032
341.608032
342.608032
343.608032
344.608032
345.608032
346.608032
347.608063
348.608063
349.608063
350.608063
351.608063
352.608063
353.608063
354.608063
355.608063
356.608063
357.608063
358.606934
359.607056
360.607117
361.607330
362.607391
363.607666
364.607727
365.607910
366.607910
367.607910
368.607971
369.607971
370.607971
371.608032
372.608032
373.608032
374.608032
375.608032
376.608032
377.608032
378.608032
379.608063
380.608063
381.608063
382.608063
383.608063
384.608063
385.608063
386.608063
387.608063
388.608063
389.608063
390.606934
391.607056
392.607117
393.607330
394.607391
395.607666
396.607727
397.607910
398.607910
399.607910
400.607971
401.607971
402.607971
403.608032
404.608032
405.608032
406.608032
407.608032
408.608032
409.608032
410.608032
411.608063
412.608063
413.608063
414.608063
415.608063
416.608063
417.608063
418.608063
419.608063
420.608063
421.608063
422.606934
423.607056
424.607117
425.607330
426.607391
427.607666
428.607727
429.607910
430.607910
431.607910
432.607971
433.607971
434.607971
435.608032
436.608032
437.608032
438.608032
439.608032
440.608032
441.608032
442.608032
443.608063
444.608063
445.608063
446.608063
447.608063
448.608063
449.608063
450.608063
451.608063
452.608063
453.608063
454.606934
455.607056
456.607117
457.607330
458.607391
459.607666
460.607727
461.607910
462.607910
463.607910
464.607971
465.607971
466.607971
467.608032
468.608032
469.608032
470.608032
471.608032
472.608032
473.608032
474.608032
475.608063
476.608063
477.608063
478.608063
479.608063
480.608063
481.608063
482.608063
483.608063
484.608063
485.608063
486.606934
487.607056
488.607117
489.607330
490.607391
491.607666
492.607727
493.607910
494.607910
495.607910
496.607971
497.607971
498.607971
499.608032
500.608032
501.608032
502.608032
503.608032
504.608032
505.608032
506.608032
507.608063
508.608063
509.608063
510.608063
511.608063
512.608032
513.608032
514.608032
515.608032
516.608032
517.608032
518.606934
519.607056
520.607117
521.607300
522.607422
523.607666
524.607727
525.607910
526.607910
527.607910
528.607971
529.607971
530.607971
531.608032
532.608032
533.608032
534.608032
535.608032
536.608032
537.608032
538.608032
539.608032
540.608032
541.608032
542.608032
543.608032
544.608032
545.608032
546.608032
547.608032
548.608032
549.608032
550.606934
551.607056
552.607117
553.607300
554.607422
555.607666
556.607727
557.607910
558.607910
559.607910
560.607971
561.607971
562.607971
563.608032
564.608032
565.608032
566.608032
567.608032
568.608032
569.608032
570.608032
571.608032
572.608032
573.608032
574.608032
575.608032
576.608032
577.608032
578.608032
579.608032
580.608032
581.608032
582.606934
583.607056
584.607117
585.607300
586.607422
587.607666
588.607727
589.607910
590.607910
591.607910
592.607971
593.607971
594.607971
595.608032
596.608032
597.608032
598.608032
599.608032
600.608032
601.608032
602.608032
603.608032
604.608032
605.608032
606.608032
607.608032
608.608032
609.608032
610.608032
611.608032
612.608032
613.608032
614.606934
615.607056
616.607117
617.607300
618.607422
619.607666
620.607727
621.607910
622.607910
623.607910
624.607971
625.607971
626.607971
627.608032
628.608032
629.608032
630.608032
631.608032
632.608032
633.608032
634.608032
635.608032
636.608032
637.608032
638.608032
639.608032
640.608032
641.608032
642.608032
643.608032
644.608032
645.608032
646.606934
647.607056
648.607117
649.607300
650.607422
651.607666
652.607727
653.607910
654.607910
655.607910
656.607971
657.607971
658.607971
659.608032
660.608032
661.608032
662.608032
663.608032
664.608032
665.608032
666.608032
667.608032
668.608032
669.608032
670.608032
671.608032
672.608032
673.608032
674.608032
675.608032
676.608032
677.608032
678.606934
679.607056
680.607117
681.607300
682.607422
683.607666
684.607727
685.607910
686.607910
687.607910
688.607971
689.607971
690.607971
691.608032
692.608032
693.608032
694.608032
695.608032
696.608032
697.608032
698.608032
699.608032
700.608032
701.608032
702.608032
703.608032
704.608032
705.608032
706.608032
707.608032
708.608032
709.608032
710.606934
711.607056
712.607117
713.607300
714.607422
715.607666
716.607727
717.607910
718.607910
719.607910
720.607971
721.607971
722.607971
723.608032
724.608032
725.608032
726.608032
727.608032
728.608032
729.608032
730.608032
731.608032
732.608032
733.608032
734.608032
735.608032
736.608032
737.608032
738.608032
739.608032
740.608032
741.608032
742.606934
743.607056
744.607117
745.607300
746.607422
747.607666
748.607727
749.607910
750.607910
751.607910
752.607971
753.607971
754.607971
755.608032
756.608032
757.608032
758.608032
759.608032
760.608032
761.608032
762.608032
763.608032
764.608032
765.608032
766.608032
767.608032
768.608032
769.608032
770.608032
771.608032
772.608032
773.608032
774.606934
775.607056
776.607117
777.607300
778.607422
779.607666
780.607727
781.607910
782.607910
783.607910
784.607971
785.607971
786.607971
787.608032
788.608032
789.608032
790.608032
791.608032
792.608032
793.608032
794.608032
795.608032
796.608032
797.608032
798.608032
799.608032
800.608032
801.608032
802.608032
803.608032
804.608032
805.608032
806.606934
807.607056
808.607117
809.607300
810.607422
811.607666
812.607727
813.607910
814.607910
815.607910
816.607971
817.607971
818.607971
819.608032
820.608032
821.608032
822.608032
823.608032
824.608032
825.608032
826.608032
827.608032
828.608032
829.608032
830.608032
831.608032
832.608032
833.608032
834.608032
835.608032
836.608032
837.608032
838.606934
839.607056
840.607117
841.607300
842.607422
843.607666
844.607727
845.607910
846.607910
847.607910
848.607971
849.607971
850.607971
851.608032
852.608032
853.608032
854.608032
855.608032
856.608032
857.608032
858.608032
859.608032
860.608032
861.608032
862.608032
863.608032
864.608032
865.608032
866.608032
867.608032
868.608032
869.608032
870.606934
871.607056
872.607117
873.607300
874.607422
875.607666
876.607727
877.607910
878.607910
879.607910
880.607971
881.607971
882.607971
883.608032
884.608032
885.608032
886.608032
887.608032
888.608032
889.608032
890.608032
891.608032
892.608032
893.608032
894.608032
895.608032
896.608032
897.608032
898.608032
899.608032
900.608032
901.608032
902.606934
903.607056
904.607117
905.607300
906.607422
907.607666
908.607727
909.607910
910.607910
911.607910
912.607971
913.607971
914.607971
915.608032
916.608032
917.608032
918.608032
919.608032
920.608032
921.608032
922.608032
923.608032
924.608032
925.608032
926.608032
927.608032
928.608032
929.608032
930.608032
931.608032
932.608032
933.608032
934.606934
935.607056
936.607117
937.607300
938.607422
939.607666
940.607727
941.607910
942.607910
943.607910
944.607971
945.607971
946.607971
947.608032
948.608032
949.608032
950.608032
951.608032
952.608032
953.608032
954.608032
955.608032
956.608032
957.608032
958.608032
959.608032
960.608032
961.608032
962.608032
963.608032
964.608032
965.608032
966.606934
967.607056
968.607117
969.607300
970.607422
971.607666
972.607727
973.607910
974.607910
975.607910
976.607971
977.607971
978.607971
979.608032
980.608032
981.608032
982.608032
983.608032
984.608032
985.608032
986.608032
987.608032
988.608032
989.608032
990.608032
991.608032
992.608032
993.608032
994.608032
995.608032
996.608032
997.608032
998.606934
999.607056
1000.607117
1001.607300
1002.607422
1003.607666
1004.607727
1005.607910
1006.607910
1007.607910
1008.607971
1009.607971
1010.607971
1011.608032
1012.608032
1013.608032
1014.608032
1015.608032
1016.608032
1017.608032
1018.608032
1019.608032
1020.608032
1021.608032
1022.608032
1023.608032
1024.608032
1025.608032
1026.608032
1027.608032
1028.608032
1029.608032
1030.606934
1031.607056
1032.607178
1033.607300
1034.607422
1035.607666
1036.607666
1037.607910
1038.607910
1039.607910
1040.607910
1041.608032
1042.608032
1043.608032
1044.608032
1045.608032
1046.608032
1047.608032
1048.608032
1049.608032
1050.608032
1051.608032
1052.608032
1053.608032
1054.608032
1055.608032
1056.608032
1057.608032
1058.608032
1059.608032
1060.608032
1061.608032
1062.606934
1063.607056
1064.607178
1065.607300
1066.607422
1067.607666
1068.607666
1069.607910
1070.607910
1071.607910
1072.607910
1073.608032
1074.608032
1075.608032
1076.608032
1077.608032
1078.608032
1079.608032
1080.608032
1081.608032
1082.608032
1083.608032
1084.608032
1085.608032
1086.608032
1087.608032
1088.608032
1089.608032
1090.608032
1091.608032
1092.608032
1093.608032
1094.606934
1095.607056
1096.607178
1097.607300
1098.607422
1099.607666
1100.607666
1101.607910
1102.607910
1103.607910
1104.607910
1105.608032
1106.608032
1107.608032
1108.608032
1109.608032
1110.608032
1111.608032
1112.608032
1113.608032
1114.608032
1115.608032
1116.608032
1117.608032
1118.608032
1119.608032
1120.608032
1121.608032
1122.608032
1123.608032
1124.608032
1125.608032
1126.606934
1127.607056
1128.607178
1129.607300
1130.607422
1131.607666
1132.607666
1133.607910
1134.607910
1135.607910
1136.607910
1137.608032
1138.608032
1139.608032
1140.608032
1141.608032
1142.608032
1143.608032
1144.608032
1145.608032
1146.608032
1147.608032
1148.608032
1149.608032
1150.608032
1151.608032
1152.608032
1153.608032
1154.608032
1155.608032
1156.608032
1157.608032
1158.606934
1159.607056
1160.607178
1161.607300
1162.607422
1163.607666
1164.607666
1165.607910
1166.607910
1167.607910
1168.607910
1169.608032
1170.608032
1171.608032
1172.608032
1173.608032
1174.608032
1175.608032
1176.608032
1177.608032
1178.608032
1179.608032
1180.608032
1181.608032
1182.608032
1183.608032
1184.608032
1185.608032
1186.608032
1187.608032
1188.608032
1189.608032
1190.606934
1191.607056
1192.607178
1193.607300
1194.607422
1195.607666
1196.607666
1197.607910
1198.607910
1199.607910
1200.607910
1201.608032
1202.608032
1203.608032
1204.608032
1205.608032
1206.608032
1207.608032
1208.608032
1209.608032
1210.608032
1211.608032
1212.608032
1213.608032
1214.608032
1215.608032
1216.608032
1217.608032
1218.608032
1219.608032
1220.608032
1221.608032
1222.606934
1223.607056
1224.607178
1225.607300
1226.607422
1227.607666
1228.607666
1229.607910
1230.607910
1231.607910
1232.607910
1233.608032
1234.608032
1235.608032
1236.608032
1237.608032
1238.608032
1239.608032
1240.608032
1241.608032
1242.608032
1243.608032
1244.608032
1245.608032
1246.608032
1247.608032
1248.608032
1249.608032
1250.608032
1251.608032
1252.608032
1253.608032
1254.606934
1255.607056
1256.607178
1257.607300
1258.607422
1259.607666
1260.607666
1261.607910
1262.607910
1263.607910
1264.607910
1265.608032
1266.608032
1267.608032
1268.608032
1269.608032
1270.608032
1271.608032
1272.608032
1273.608032
1274.608032
1275.608032
1276.608032
1277.608032
1278.608032
1279.608032
1280.608032
1281.608032
1282.608032
1283.608032
1284.608032
1285.608032
1286.606934
1287.607056
1288.607178
1289.607300
1290.607422
1291.607666
1292.607666
1293.607910
1294.607910
1295.607910
1296.607910
1297.608032
1298.608032
1299.608032
1300.608032
1301.608032
1302.608032
1303.608032
1304.608032
1305.608032
1306.608032
1307.608032
1308.608032
1309.608032
1310.608032
1311.608032
1312.608032
1313.608032
1314.608032
1315.608032
1316.608032
1317.608032
1318.606934
1319.607056
1320.607178
1321.607300
1322.607422
1323.607666
1324.607666
1325.607910
1326.607910
1327.607910
1328.607910
1329.608032
1330.608032
1331.608032
1332.608032
1333.608032
1334.608032
1335.608032
1336.608032
1337.608032
1338.608032
1339.608032
1340.608032
1341.608032
1342.608032
1343.608032
1344.608032
1345.608032
1346.608032
1347.608032
1348.608032
1349.608032
1350.606934
1351.607056
1352.607178
1353.607300
1354.607422
1355.607666
1356.607666
1357.607910
1358.607910
1359.607910
1360.607910
1361.608032
1362.608032
1363.608032
1364.608032
1365.608032
1366.608032
1367.608032
1368.608032
1369.608032
1370.608032
1371.608032
1372.608032
1373.608032
1374.608032
1375.608032
1376.608032
1377.608032
1378.608032
1379.608032
1380.608032
1381.608032
1382.606934
1383.607056
1384.607178
1385.607300
1386.607422
1387.607666
1388.607666
1389.607910
1390.607910
1391.607910
1392.607910
1393.608032
1394.608032
1395.608032
1396.608032
1397.608032
1398.608032
1399.608032
1400.608032
1401.608032
1402.608032
1403.608032
1404.608032
1405.608032
1406.608032
1407.608032
1408.608032
1409.608032
1410.608032
1411.608032
1412.608032
1413.608032
1414.606934
1415.607056
1416.607178
1417.607300
1418.607422
1419.607666
1420.607666
1421.607910
1422.607910
1423.607910
1424.607910
1425.608032
1426.608032
1427.608032
1428.608032
1429.608032
1430.608032
1431.608032
1432.608032
1433.608032
1434.608032
1435.608032
1436.608032
1437.608032
1438.608032
1439.608032
1440.608032
1441.608032
1442.608032
1443.608032
1444.608032
1445.608032
1446.606934
1447.607056
1448.607178
1449.607300
1450.607422
1451.607666
1452.607666
1453.607910
1454.607910
1455.607910
1456.607910
1457.608032
1458.608032
1459.608032
1460.608032
1461.608032
1462.608032
1463.608032
1464.608032
1465.608032
1466.608032
1467.608032
1468.608032
1469.608032
1470.608032
1471.608032
1472.608032
1473.608032
1474.608032
1475.608032
1476.608032
1477.608032
1478.606934
1479.607056
1480.607178
1481.607300
1482.607422
1483.607666
1484.607666
1485.607910
1486.607910
1487.607910
1488.607910
1489.608032
1490.608032
1491.608032
1492.608032
1493.608032
1494.608032
1495.608032
1496.608032
1497.608032
1498.608032
1499.608032
1500.608032
1501.608032
1502.608032
1503.608032
1504.608032
1505.608032
1506.608032
1507.608032
1508.608032
1509.608032
1510.606934
1511.607056
1512.607178
1513.607300
1514.607422
1515.607666
1516.607666
1517.607910
1518.607910
1519.607910
1520.607910
1521.608032
1522.608032
1523.608032
1524.608032
1525.608032
1526.608032
1527.608032
1528.608032
1529.608032
1530.608032
1531.608032
1532.608032
1533.608032
1534.608032
1535.608032
1536.608032
1537.608032
1538.608032
1539.608032
1540.608032
1541.608032
1542.606934
1543.607056
1544.607178
1545.607300
1546.607422
1547.607666
1548.607666
1549.607910
1550.607910
1551.607910
1552.607910
1553.608032
1554.608032
1555.608032
1556.608032
1557.608032
1558.608032
1559.608032
1560.608032
1561.608032
1562.608032
1563.608032
1564.608032
1565.608032
1566.608032
1567.608032
1568.608032
1569.608032
1570.608032
1571.608032
1572.608032
1573.608032
1574.606934
1575.607056
1576.607178
1577.607300
1578.607422
1579.607666
1580.607666
1581.607910
1582.607910
1583.607910
1584.607910
1585.608032
1586.608032
1587.608032
1588.608032
1589.608032
1590.608032
1591.608032
1592.608032
1593.608032
1594.608032
1595.608032
1596.608032
1597.608032
1598.608032
1599.608032
1600.608032
1601.608032
1602.608032
1603.608032
1604.608032
1605.608032
1606.606934
1607.607056
1608.607178
1609.607300
1610.607422
1611.607666
1612.607666
1613.607910
1614.607910
1615.607910
1616.607910
1617.608032
1618.608032
1619.608032
1620.608032
1621.608032
1622.608032
1623.608032
1624.608032
1625.608032
1626.608032
1627.608032
1628.608032
1629.608032
1630.608032
1631.608032
1632.608032
1633.608032
1634.608032
1635.608032
1636.608032
1637.608032
1638.606934
1639.607056
1640.607178
1641.607300
1642.607422
1643.607666
1644.607666
1645.607910
1646.607910
1647.607910
1648.607910
1649.608032
1650.608032
1651.608032
1652.608032
1653.608032
1654.608032
1655.608032
1656.608032
1657.608032
1658.608032
1659.608032
1660.608032
1661.608032
1662.608032
1663.608032
1664.608032
1665.608032
1666.608032
1667.608032
1668.608032
1669.608032
1670.606934
1671.607056
1672.607178
1673.607300
1674.607422
1675.607666
1676.607666
1677.607910
1678.607910
1679.607910
1680.607910
1681.608032
1682.608032
1683.608032
1684.608032
1685.608032
1686.608032
1687.608032
1688.608032
1689.608032
1690.608032
1691.608032
1692.608032
1693.608032
1694.608032
1695.608032
1696.608032
1697.608032
1698.608032
1699.608032
1700.608032
1701.608032
1702.606934
1703.607056
1704.607178
1705.607300
1706.607422
1707.607666
1708.607666
1709.607910
1710.607910
1711.607910
1712.607910
1713.608032
1714.608032
1715.608032
1716.608032
1717.608032
1718.608032
1719.608032
1720.608032
1721.608032
1722.608032
1723.608032
1724.608032
1725.608032
1726.608032
1727.608032
1728.608032
1729.608032
1730.608032
1731.608032
1732.608032
1733.608032
1734.606934
1735.607056
1736.607178
1737.607300
1738.607422
1739.607666
1740.607666
1741.607910
1742.607910
1743.607910
1744.607910
1745.608032
1746.608032
1747.608032
1748.608032
1749.608032
1750.608032
1751.608032
1752.608032
1753.608032
1754.608032
1755.608032
1756.608032
1757.608032
1758.608032
1759.608032
1760.608032
1761.608032
1762.608032
1763.608032
1764.608032
1765.608032
1766.606934
1767.607056
1768.607178
1769.607300
1770.607422
1771.607666
1772.607666
1773.607910
1774.607910
1775.607910
1776.607910
1777.608032
1778.608032
1779.608032
1780.608032
1781.608032
1782.608032
1783.608032
1784.608032
1785.608032
1786.608032
1787.608032
1788.608032
1789.608032
1790.608032
1791.608032
1792.608032
1793.608032
1794.608032
1795.608032
1796.608032
1797.608032
1798.606934
1799.607056
1800.607178
1801.607300
1802.607422
1803.607666
1804.607666
1805.607910
1806.607910
1807.607910
1808.607910
1809.608032
1810.608032
1811.608032
1812.608032
1813.608032
1814.608032
1815.608032
1816.608032
1817.608032
1818.608032
1819.608032
1820.608032
1821.608032
1822.608032
1823.608032
1824.608032
1825.608032
1826.608032
1827.608032
1828.608032
1829.608032
1830.606934
1831.607056
1832.607178
1833.607300
1834.607422
1835.607666
1836.607666
1837.607910
1838.607910
1839.607910
1840.607910
1841.608032
1842.608032
1843.608032
1844.608032
1845.608032
1846.608032
1847.608032
1848.608032
1849.608032
1850.608032
1851.608032
1852.608032
1853.608032
1854.608032
1855.608032
1856.608032
1857.608032
1858.608032
1859.608032
1860.608032
1861.608032
1862.606934
1863.607056
1864.607178
1865.607300
1866.607422
1867.607666
1868.607666
1869.607910
1870.607910
1871.607910
1872.607910
1873.608032
1874.608032
1875.608032
1876.608032
1877.608032
1878.608032
1879.608032
1880.608032
1881.608032
1882.608032
1883.608032
1884.608032
1885.608032
1886.608032
1887.608032
1888.608032
1889.608032
1890.608032
1891.608032
1892.608032
1893.608032
1894.606934
1895.607056
1896.607178
1897.607300
1898.607422
1899.607666
1900.607666
1901.607910
1902.607910
1903.607910
1904.607910
1905.608032
1906.608032
1907.608032
1908.608032
1909.608032
1910.608032
1911.608032
1912.608032
1913.608032
1914.608032
1915.608032
1916.608032
1917.608032
1918.608032
1919.608032
1920.608032
1921.608032
1922.608032
1923.608032
1924.608032
1925.608032
1926.606934
1927.607056
1928.607178
1929.607300
1930.607422
1931.607666
1932.607666
1933.607910
1934.607910
1935.607910
1936.607910
1937.608032
1938.608032
1939.608032
1940.608032
1941.608032
1942.608032
1943.608032
1944.608032
1945.608032
1946.608032
1947.608032
1948.608032
1949.608032
1950.608032
1951.608032
1952.608032
1953.608032
1954.608032
1955.608032
1956.608032
1957.608032
1958.606934
1959.607056
1960.607178
1961.607300
1962.607422
1963.607666
1964.607666
1965.607910
1966.607910
1967.607910
1968.607910
1969.608032
1970.608032
1971.608032
1972.608032
1973.608032
1974.608032
1975.608032
1976.608032
1977.608032
1978.608032
1979.608032
1980.608032
1981.608032
1982.608032
1983.608032
1984.608032
1985.608032
1986.608032
1987.608032
1988.608032
1989.608032
1990.606934
1991.607056
1992.607178
1993.607300
1994.607422
1995.607666
1996.607666
1997.607910
1998.607910
1999.607910
2000.607910
2001.608032
2002.608032
2003.608032
2004.608032
2005.608032
2006.608032
2007.608032
2008.608032
2009.608032
2010.608032
2011.608032
2012.608032
2013.608032
2014.608032
2015.608032
2016.608032
2017.608032
2018.608032
2019.608032
2020.608032
2021.608032
2022.606934
2023.607056
2024.607178
2025.607300
2026.607422
2027.607666
2028.607666
2029.607910
2030.607910
2031.607910
2032.607910
2033.608032
2034.608032
2035.608032
2036.608032
2037.608032
2038.608032
2039.608032
2040.608032
2041.608032
2042.608032
2043.608032
2044.608032
2045.608032
2046.608032
2047.608032
2048.608154
2049.608154
2050.608154
2051.608154
2052.608154
2053.608154
2054.606934
2055.606934
2056.607178
2057.607422
2058.607422
2059.607666
2060.607666
2061.607910
2062.607910
2063.607910
2064.607910
2065.607910
2066.607910
2067.607910
2068.607910
2069.607910
2070.607910
2071.607910
2072.607910
2073.607910
2074.607910
2075.608154
2076.608154
2077.608154
2078.608154
2079.608154
2080.608154
2081.608154
2082.608154
2083.608154
2084.608154
2085.608154
2086.606934
2087.606934
2088.607178
2089.607422
2090.607422
2091.607666
2092.607666
2093.607910
2094.607910
2095.607910
2096.607910
2097.607910
2098.607910
2099.607910
2100.607910
2101.607910
2102.607910
2103.607910
2104.607910
2105.607910
2106.607910
2107.608154
2108.608154
2109.608154
2110.608154
2111.608154
2112.608154
2113.608154
2114.608154
2115.608154
2116.608154
2117.608154
2118.606934
2119.606934
2120.607178
2121.607422
2122.607422
2123.607666
2124.607666
2125.607910
2126.607910
2127.607910
2128.607910
2129.607910
2130.607910
2131.607910
2132.607910
2133.607910
2134.607910
2135.607910
2136.607910
2137.607910
2138.607910
2139.608154
2140.608154
2141.608154
2142.608154
2143.608154
2144.608154
2145.608154
2146.608154
2147.608154
2148.608154
2149.608154
2150.606934
2151.606934
2152.607178
2153.607422
2154.607422
2155.607666
2156.607666
2157.607910
2158.607910
2159.607910
2160.607910
2161.607910
2162.607910
2163.607910
2164.607910
2165.607910
2166.607910
2167.607910
2168.607910
2169.607910
2170.607910
2171.608154
2172.608154
2173.608154
2174.608154
2175.608154
2176.608154
2177.608154
2178.608154
2179.608154
2180.608154
2181.608154
2182.606934
2183.606934
2184.607178
2185.607422
2186.607422
2187.607666
2188.607666
2189.607910
2190.607910
2191.607910
2192.607910
2193.607910
2194.607910
2195.607910
2196.607910
2197.607910
2198.607910
2199.607910
2200.607910
2201.607910
2202.607910
2203.608154
2204.608154
2205.608154
2206.608154
2207.608154
2208.608154
2209.608154
2210.608154
2211.608154
2212.608154
2213.608154
