1.010150
0.989184
0.409369
0.456645
-0.148927
-1.181170
0.149069
0.566109
0.538987
-1.193577
0.972952
-0.812696
-0.892861
-0.012238
0.739953
-0.896471
-1.038848
-0.517241
0.980590
1.541931
2.059718
0.974369
-0.360649
-0.208891
0.308884
-0.034322
0.010159
-0.223074
0.582602
-0.130849
1.646957
-1.908867
0.290668
0.074254
1.009004
-0.412796
-1.205275
-0.173918
-0.519654
-0.456357
1.237779
0.969866
1.079669
-0.614524
2.050286
-0.238892
-0.443247
0.405791
-0.824248
-0.217630
-0.695213
-2.260834
-0.018686
0.266043
-0.746961
0.732055
-0.225499
1.221871
-1.055046
-1.868401
1.248984
-1.299285
0.636155
1.187273
